header: 
  seq: 7742
  stamp: 
    secs: 1614219136
    nsecs:  40908551
  frame_id: "SimpleFlight"
height: 1
width: 575
fields: 
  - 
    name: "x"
    offset: 0
    datatype: 7
    count: 1
  - 
    name: "y"
    offset: 4
    datatype: 7
    count: 1
  - 
    name: "z"
    offset: 8
    datatype: 7
    count: 1
is_bigendian: False
point_step: 12
row_step: 6900
data: [121, 238, 42, 64, 144, 198, 222, 192, 36, 39, 91, 61, 69, 8, 97, 64, 222, 233, 220, 192, 158, 214, 74, 189, 248, 1, 135, 64, 98, 232, 227, 192, 120, 214, 74, 189, 237, 21, 158, 64, 78, 158, 232, 192, 202, 214, 74, 189, 228, 132, 181, 64, 142, 255, 234, 192, 202, 214, 74, 189, 249, 25, 205, 64, 156, 156, 235, 192, 64, 164, 54, 189, 41, 153, 228, 64, 189, 70, 233, 192, 64, 164, 54, 189, 117, 190, 251, 64, 126, 154, 228, 192, 64, 164, 54, 189, 57, 39, 9, 65, 228, 163, 221, 192, 64, 164, 54, 189, 171, 7, 20, 65, 193, 116, 212, 192, 105, 164, 54, 189, 156, 100, 30, 65, 176, 36, 201, 192, 64, 164, 54, 189, 126, 35, 40, 65, 180, 208, 187, 192, 64, 164, 54, 189, 86, 43, 49, 65, 247, 154, 172, 192, 64, 164, 54, 189, 153, 203, 61, 65, 135, 101, 163, 192, 36, 39, 91, 61, 48, 127, 69, 65, 154, 250, 143, 192, 36, 39, 91, 61, 107, 48, 76, 65, 204, 60, 118, 192, 36, 39, 91, 61, 33, 206, 81, 65, 207, 12, 74, 192, 36, 39, 91, 61, 235, 73, 86, 65, 117, 214, 27, 192, 36, 39, 91, 61, 74, 152, 89, 65, 7, 33, 216, 191, 36, 39, 91, 61, 193, 176, 91, 65, 85, 213, 108, 191, 36, 39, 91, 61, 239, 141, 92, 65, 148, 37, 28, 190, 36, 39, 91, 61, 162, 45, 92, 65, 197, 38, 31, 63, 36, 39, 91, 61, 203, 144, 90, 65, 117, 223, 177, 63, 36, 39, 91, 61, 144, 187, 87, 65, 169, 49, 9, 64, 36, 39, 91, 61, 56, 181, 83, 65, 165, 19, 56, 64, 36, 39, 91, 61, 181, 86, 73, 65, 112, 70, 90, 64, 64, 164, 54, 189, 10, 92, 67, 65, 116, 127, 129, 64, 64, 164, 54, 189, 126, 100, 60, 65, 143, 143, 148, 64, 64, 164, 54, 189, 243, 129, 52, 65, 153, 34, 166, 64, 64, 164, 54, 189, 161, 200, 43, 65, 130, 11, 182, 64, 64, 164, 54, 189, 234, 78, 34, 65, 123, 33, 196, 64, 64, 164, 54, 189, 23, 45, 24, 65, 94, 64, 208, 64, 64, 164, 54, 189, 20, 68, 13, 65, 143, 50, 217, 64, 82, 249, 94, 189, 150, 209, 0, 65, 224, 203, 215, 64, 47, 29, 10, 190, 155, 140, 234, 64, 30, 222, 214, 64, 101, 182, 64, 190, 97, 175, 212, 64, 50, 226, 215, 64, 142, 252, 81, 190, 141, 206, 190, 64, 149, 186, 233, 64, 110, 48, 128, 189, 54, 116, 167, 64, 175, 72, 232, 64, 110, 48, 128, 189, 194, 92, 144, 64, 244, 130, 228, 64, 110, 48, 128, 189, 120, 145, 114, 64, 142, 239, 223, 64, 128, 209, 74, 189, 91, 132, 70, 64, 230, 150, 215, 64, 128, 209, 74, 189, 83, 74, 16, 64, 82, 206, 215, 64, 36, 39, 91, 61, 156, 182, 204, 63, 114, 150, 202, 64, 36, 39, 91, 61, 158, 26, 125, 63, 226, 86, 187, 64, 36, 39, 91, 61, 123, 133, 219, 62, 211, 54, 170, 64, 36, 39, 91, 61, 112, 87, 153, 189, 30, 98, 151, 64, 36, 39, 91, 61, 10, 100, 4, 191, 20, 9, 131, 64, 36, 39, 91, 61, 97, 197, 100, 191, 238, 191, 90, 64, 36, 39, 91, 61, 66, 172, 153, 191, 107, 60, 45, 64, 36, 39, 91, 61, 157, 169, 183, 191, 53, 249, 251, 63, 36, 39, 91, 61, 9, 14, 204, 191, 77, 243, 154, 63, 36, 39, 91, 61, 19, 165, 214, 191, 112, 126, 225, 62, 36, 39, 91, 61, 178, 9, 187, 191, 21, 198, 238, 191, 36, 39, 91, 61, 197, 89, 158, 191, 120, 214, 38, 192, 36, 39, 91, 61, 153, 163, 112, 191, 23, 158, 84, 192, 36, 39, 91, 61, 230, 166, 18, 191, 7, 34, 128, 192, 36, 39, 91, 61, 123, 182, 14, 190, 113, 172, 148, 192, 36, 39, 91, 61, 46, 85, 182, 62, 107, 185, 167, 192, 76, 39, 91, 61, 169, 156, 104, 63, 46, 24, 185, 192, 36, 39, 91, 61, 13, 159, 193, 63, 45, 156, 200, 192, 36, 39, 91, 61, 71, 96, 10, 64, 128, 29, 214, 192, 36, 39, 91, 61, 59, 111, 54, 64, 176, 121, 225, 192, 36, 39, 91, 61, 110, 94, 244, 63, 139, 129, 8, 193, 36, 39, 91, 61, 43, 124, 60, 64, 112, 93, 7, 193, 120, 214, 74, 189, 176, 156, 115, 64, 144, 166, 11, 193, 158, 214, 74, 189, 143, 22, 150, 64, 123, 137, 14, 193, 158, 214, 74, 189, 77, 206, 178, 64, 198, 254, 15, 193, 202, 214, 74, 189, 185, 81, 207, 64, 156, 108, 12, 193, 233, 232, 201, 189, 38, 242, 235, 64, 66, 23, 13, 193, 95, 166, 143, 189, 230, 110, 4, 65, 160, 19, 12, 193, 64, 164, 54, 189, 33, 66, 18, 65, 82, 207, 7, 193, 64, 164, 54, 189, 115, 150, 31, 65, 168, 46, 2, 193, 64, 164, 54, 189, 158, 73, 44, 65, 43, 128, 246, 192, 64, 164, 54, 189, 21, 59, 56, 65, 198, 42, 230, 192, 64, 164, 54, 189, 57, 76, 67, 65, 249, 134, 211, 192, 64, 164, 54, 189, 167, 96, 77, 65, 164, 196, 190, 192, 64, 164, 54, 189, 206, 31, 89, 65, 50, 9, 172, 192, 41, 28, 221, 58, 20, 105, 100, 65, 173, 225, 150, 192, 36, 39, 91, 61, 249, 74, 107, 65, 138, 156, 119, 192, 36, 39, 91, 61, 152, 201, 112, 65, 125, 250, 62, 192, 36, 39, 91, 61, 204, 214, 116, 65, 189, 110, 4, 192, 36, 39, 91, 61, 59, 104, 119, 65, 123, 30, 145, 191, 36, 39, 91, 61, 74, 119, 120, 65, 102, 91, 63, 190, 36, 39, 91, 61, 69, 1, 120, 65, 23, 10, 67, 63, 36, 39, 91, 61, 89, 7, 118, 65, 135, 251, 217, 63, 36, 39, 91, 61, 151, 142, 114, 65, 116, 33, 40, 64, 36, 39, 91, 61, 11, 21, 104, 65, 92, 181, 88, 64, 5, 12, 230, 188, 210, 234, 96, 65, 103, 191, 133, 64, 64, 164, 54, 189, 0, 151, 89, 65, 252, 178, 158, 64, 64, 164, 54, 189, 70, 13, 81, 65, 139, 15, 182, 64, 64, 164, 54, 189, 142, 99, 71, 65, 33, 153, 203, 64, 64, 164, 54, 189, 112, 232, 57, 65, 33, 83, 216, 64, 212, 24, 214, 189, 11, 31, 40, 65, 76, 135, 213, 64, 128, 183, 135, 190, 112, 8, 25, 65, 236, 120, 211, 64, 235, 39, 196, 190, 4, 201, 11, 65, 235, 247, 209, 64, 243, 92, 240, 190, 231, 176, 255, 64, 253, 61, 209, 64, 150, 71, 7, 191, 11, 195, 233, 64, 181, 189, 210, 64, 135, 206, 13, 191, 97, 175, 212, 64, 253, 225, 215, 64, 220, 251, 9, 191, 36, 48, 190, 64, 169, 55, 15, 65, 110, 48, 128, 189, 164, 145, 161, 64, 3, 85, 14, 65, 110, 48, 128, 189, 41, 69, 133, 64, 71, 5, 12, 65, 110, 48, 128, 189, 158, 38, 83, 64, 95, 78, 8, 65, 110, 48, 128, 189, 159, 191, 15, 64, 157, 25, 11, 65, 36, 171, 96, 61, 238, 180, 178, 63, 244, 80, 4, 65, 15, 89, 96, 61, 20, 198, 23, 63, 97, 106, 248, 64, 169, 18, 96, 61, 143, 121, 31, 190, 59, 182, 229, 64, 25, 216, 95, 61, 32, 169, 86, 191, 29, 153, 208, 64, 36, 39, 91, 61, 251, 84, 186, 191, 87, 133, 185, 64, 36, 39, 91, 61, 143, 181, 255, 191, 164, 149, 160, 64, 36, 39, 91, 61, 39, 98, 29, 192, 20, 10, 134, 64, 36, 39, 91, 61, 252, 116, 53, 192, 47, 77, 84, 64, 36, 39, 91, 61, 89, 213, 71, 192, 184, 101, 26, 64, 36, 39, 91, 61, 34, 84, 84, 192, 119, 228, 189, 63, 36, 39, 91, 61, 87, 209, 90, 192, 0, 44, 10, 63, 36, 39, 91, 61, 202, 230, 73, 192, 41, 79, 18, 192, 36, 39, 91, 61, 202, 82, 56, 192, 230, 117, 76, 192, 36, 39, 91, 61, 251, 4, 33, 192, 41, 72, 130, 192, 36, 39, 91, 61, 86, 57, 4, 192, 9, 7, 157, 192, 36, 39, 91, 61, 203, 114, 196, 191, 57, 51, 182, 192, 36, 39, 91, 61, 176, 114, 109, 191, 252, 139, 205, 192, 36, 39, 91, 61, 10, 54, 128, 190, 123, 213, 226, 192, 36, 39, 91, 61, 41, 202, 250, 62, 41, 217, 245, 192, 36, 39, 91, 61, 51, 147, 164, 63, 15, 51, 3, 193, 36, 39, 91, 61, 11, 72, 8, 64, 7, 41, 10, 193, 36, 39, 91, 61, 20, 236, 59, 63, 183, 65, 47, 193, 66, 208, 92, 61, 161, 126, 237, 63, 198, 228, 54, 193, 210, 126, 93, 61, 251, 34, 76, 64, 205, 17, 50, 193, 110, 48, 128, 189, 135, 33, 138, 64, 245, 191, 53, 193, 110, 48, 128, 189, 197, 191, 174, 64, 240, 155, 55, 193, 130, 48, 128, 189, 188, 81, 207, 64, 156, 108, 12, 193, 137, 233, 5, 191, 42, 242, 235, 64, 66, 23, 13, 193, 32, 61, 0, 191, 2, 177, 4, 65, 65, 23, 13, 193, 156, 148, 240, 190, 188, 46, 20, 65, 64, 23, 13, 193, 228, 165, 215, 190, 228, 217, 36, 65, 63, 23, 13, 193, 184, 67, 180, 190, 208, 55, 55, 65, 61, 23, 13, 193, 31, 61, 132, 190, 153, 254, 75, 65, 60, 23, 13, 193, 80, 120, 8, 190, 123, 61, 95, 65, 130, 194, 7, 193, 64, 164, 54, 189, 192, 45, 108, 65, 111, 223, 244, 192, 25, 164, 54, 189, 107, 184, 119, 65, 194, 197, 215, 192, 64, 164, 54, 189, 245, 223, 128, 65, 181, 130, 184, 192, 64, 164, 54, 189, 5, 74, 137, 65, 52, 235, 158, 192, 36, 39, 91, 61, 201, 208, 140, 65, 121, 36, 117, 192, 36, 39, 91, 61, 120, 106, 143, 65, 0, 254, 41, 192, 36, 39, 91, 61, 106, 16, 145, 65, 215, 70, 186, 191, 36, 39, 91, 61, 97, 190, 145, 65, 204, 160, 117, 190, 36, 39, 91, 61, 161, 114, 145, 65, 240, 90, 122, 63, 36, 39, 91, 61, 238, 45, 144, 65, 19, 231, 11, 64, 36, 39, 91, 61, 133, 243, 141, 65, 152, 208, 87, 64, 36, 39, 91, 61, 60, 130, 134, 65, 165, 238, 137, 64, 64, 164, 54, 189, 71, 161, 130, 65, 45, 174, 171, 64, 64, 164, 54, 189, 194, 218, 123, 65, 102, 181, 203, 64, 64, 164, 54, 189, 133, 22, 101, 65, 224, 140, 214, 64, 240, 93, 83, 190, 39, 248, 74, 65, 204, 179, 210, 64, 174, 202, 218, 190, 197, 209, 55, 65, 117, 65, 211, 64, 96, 12, 16, 191, 252, 218, 40, 65, 193, 185, 215, 64, 84, 131, 35, 191, 182, 23, 27, 65, 236, 54, 219, 64, 190, 180, 50, 191, 215, 57, 14, 65, 68, 226, 221, 64, 107, 84, 62, 191, 160, 3, 2, 65, 208, 216, 223, 64, 205, 224, 70, 191, 108, 132, 236, 64, 138, 46, 225, 64, 222, 176, 76, 191, 143, 147, 213, 64, 106, 240, 225, 64, 23, 253, 79, 191, 47, 69, 190, 64, 166, 183, 11, 65, 233, 69, 8, 191, 125, 127, 152, 64, 83, 179, 54, 65, 110, 48, 128, 189, 148, 88, 104, 64, 202, 187, 51, 65, 130, 48, 128, 189, 207, 182, 19, 64, 2, 115, 57, 65, 15, 249, 95, 61, 59, 138, 149, 63, 28, 135, 50, 65, 169, 130, 95, 61, 153, 187, 158, 61, 194, 209, 41, 65, 179, 25, 95, 61, 87, 17, 116, 191, 77, 105, 31, 65, 210, 190, 94, 61, 131, 1, 245, 191, 107, 104, 19, 65, 199, 115, 94, 61, 14, 226, 50, 192, 234, 237, 5, 65, 230, 56, 94, 61, 254, 151, 101, 192, 140, 56, 238, 64, 87, 14, 94, 61, 143, 244, 136, 192, 114, 33, 206, 64, 36, 39, 91, 61, 71, 232, 155, 192, 125, 14, 172, 64, 36, 39, 91, 61, 182, 91, 171, 192, 14, 66, 136, 64, 251, 38, 91, 61, 10, 39, 183, 192, 83, 48, 70, 64, 76, 39, 91, 61, 23, 44, 191, 192, 79, 192, 243, 63, 36, 39, 91, 61, 74, 86, 195, 192, 123, 92, 49, 63, 36, 39, 91, 61, 222, 122, 184, 192, 132, 206, 59, 192, 251, 38, 91, 61, 166, 50, 173, 192, 196, 57, 131, 192, 36, 39, 91, 61, 181, 61, 158, 192, 197, 59, 167, 192, 76, 39, 91, 61, 107, 194, 139, 192, 144, 144, 201, 192, 36, 39, 91, 61, 43, 224, 107, 192, 126, 224, 233, 192, 36, 39, 91, 61, 181, 253, 57, 192, 51, 236, 3, 193, 36, 39, 91, 61, 57, 90, 2, 192, 228, 148, 17, 193, 97, 245, 90, 61, 184, 39, 139, 191, 30, 204, 29, 193, 66, 160, 91, 61, 205, 0, 135, 189, 5, 111, 40, 193, 46, 78, 92, 61, 33, 37, 130, 63, 92, 98, 49, 193, 15, 253, 92, 61, 198, 122, 169, 191, 5, 33, 115, 193, 66, 216, 92, 61, 194, 241, 108, 62, 47, 187, 125, 193, 128, 202, 93, 61, 197, 56, 236, 63, 121, 229, 130, 193, 220, 185, 94, 61, 76, 86, 105, 64, 152, 34, 124, 193, 110, 48, 128, 189, 189, 119, 167, 64, 211, 182, 126, 193, 110, 48, 128, 189, 189, 81, 207, 64, 156, 108, 12, 193, 254, 223, 112, 191, 112, 234, 8, 65, 141, 150, 133, 193, 5, 34, 91, 61, 194, 108, 35, 65, 107, 233, 130, 193, 5, 34, 91, 61, 20, 68, 61, 65, 10, 217, 125, 193, 5, 34, 91, 61, 183, 42, 38, 65, 81, 209, 15, 193, 249, 93, 75, 191, 211, 55, 55, 65, 61, 23, 13, 193, 98, 1, 64, 191, 157, 254, 75, 65, 60, 23, 13, 193, 196, 239, 40, 191, 204, 52, 100, 65, 58, 23, 13, 193, 6, 66, 10, 191, 137, 181, 128, 65, 55, 23, 13, 193, 187, 17, 194, 190, 185, 22, 147, 65, 68, 23, 13, 193, 142, 137, 33, 190, 28, 11, 160, 65, 82, 246, 255, 192, 64, 164, 54, 189, 23, 221, 153, 65, 2, 140, 188, 192, 195, 138, 124, 190, 71, 184, 155, 65, 9, 86, 142, 192, 208, 138, 145, 190, 30, 55, 180, 65, 65, 210, 107, 192, 36, 39, 91, 61, 116, 128, 182, 65, 187, 52, 1, 192, 36, 39, 91, 61, 202, 113, 183, 65, 141, 95, 170, 190, 36, 39, 91, 61, 181, 8, 183, 65, 9, 167, 173, 63, 36, 39, 91, 61, 69, 70, 181, 65, 103, 20, 66, 64, 36, 39, 91, 61, 233, 10, 172, 65, 171, 156, 142, 64, 64, 164, 54, 189, 228, 219, 167, 65, 164, 88, 191, 64, 64, 164, 54, 189, 219, 43, 153, 65, 74, 188, 218, 64, 9, 168, 82, 190, 197, 125, 128, 65, 222, 113, 210, 64, 98, 132, 12, 191, 48, 152, 103, 65, 92, 157, 218, 64, 2, 24, 48, 191, 135, 30, 82, 65, 123, 227, 224, 64, 6, 106, 75, 191, 164, 75, 134, 65, 164, 127, 80, 65, 5, 34, 91, 61, 51, 113, 118, 65, 124, 247, 95, 65, 189, 12, 66, 61, 123, 173, 95, 65, 143, 131, 110, 65, 230, 28, 91, 61, 102, 50, 71, 65, 107, 1, 122, 65, 15, 39, 91, 61, 169, 176, 45, 65, 41, 127, 129, 65, 251, 38, 91, 61, 164, 105, 19, 65, 111, 177, 132, 65, 210, 38, 91, 61, 82, 65, 241, 64, 89, 143, 134, 65, 251, 38, 91, 61, 225, 143, 187, 64, 171, 7, 127, 65, 110, 48, 128, 189, 120, 153, 136, 64, 47, 116, 125, 65, 110, 48, 128, 189, 183, 148, 31, 64, 8, 31, 132, 65, 189, 212, 94, 61, 204, 80, 92, 63, 21, 155, 128, 65, 117, 31, 94, 61, 45, 85, 56, 191, 84, 155, 119, 65, 36, 123, 93, 61, 32, 229, 14, 192, 78, 134, 107, 65, 97, 233, 92, 61, 248, 99, 106, 192, 12, 22, 93, 65, 199, 107, 92, 61, 0, 212, 159, 192, 165, 111, 76, 65, 158, 3, 92, 61, 141, 235, 198, 192, 196, 189, 57, 65, 138, 177, 91, 61, 233, 20, 234, 192, 61, 48, 37, 65, 36, 119, 91, 61, 133, 43, 242, 192, 34, 224, 7, 65, 128, 209, 74, 189, 234, 147, 5, 193, 108, 212, 226, 64, 128, 209, 74, 189, 58, 195, 15, 193, 147, 162, 179, 64, 128, 209, 74, 189, 134, 137, 23, 193, 252, 163, 130, 64, 128, 209, 74, 189, 79, 21, 42, 193, 78, 19, 41, 64, 36, 39, 91, 61, 225, 248, 44, 193, 197, 12, 118, 63, 36, 39, 91, 61, 247, 112, 37, 193, 21, 69, 130, 192, 36, 39, 91, 61, 250, 171, 18, 193, 246, 54, 174, 192, 66, 47, 18, 189, 30, 217, 241, 192, 107, 250, 206, 192, 14, 47, 46, 190, 128, 221, 245, 192, 132, 221, 4, 193, 46, 217, 74, 189, 50, 25, 217, 192, 64, 42, 26, 193, 128, 209, 74, 189, 77, 226, 203, 192, 107, 249, 54, 193, 251, 94, 89, 61, 87, 88, 165, 192, 234, 241, 73, 193, 179, 69, 90, 61, 142, 103, 118, 192, 134, 229, 90, 193, 169, 50, 91, 61, 109, 193, 27, 192, 140, 168, 105, 193, 199, 35, 92, 61, 24, 148, 110, 191, 20, 21, 118, 193, 87, 22, 93, 61, 125, 188, 188, 192, 199, 251, 196, 193, 87, 234, 92, 61, 42, 78, 88, 192, 50, 159, 205, 193, 97, 225, 95, 61, 144, 254, 66, 191, 221, 23, 212, 193, 97, 93, 94, 61, 53, 87, 91, 64, 4, 139, 137, 193, 213, 181, 51, 191, 233, 0, 151, 64, 184, 190, 207, 193, 87, 209, 74, 189, 42, 58, 221, 64, 170, 35, 141, 193, 210, 109, 46, 191, 115, 185, 11, 65, 114, 239, 142, 193, 214, 151, 38, 191, 138, 197, 76, 65, 249, 31, 212, 193, 148, 36, 91, 61, 51, 3, 115, 65, 39, 174, 200, 193, 174, 207, 86, 59, 160, 127, 130, 65, 14, 46, 170, 193, 249, 141, 107, 190, 203, 241, 114, 65, 121, 147, 110, 193, 37, 216, 49, 191, 40, 70, 130, 65, 169, 130, 87, 193, 1, 229, 60, 191, 151, 208, 144, 65, 94, 7, 79, 193, 60, 7, 46, 191, 157, 142, 142, 65, 114, 106, 37, 193, 19, 39, 85, 191, 52, 55, 193, 65, 60, 7, 79, 193, 38, 203, 170, 190, 33, 123, 171, 65, 64, 23, 13, 193, 235, 9, 45, 191, 46, 146, 157, 65, 144, 44, 195, 192, 9, 20, 99, 191, 51, 33, 159, 65, 160, 219, 146, 192, 21, 41, 106, 191, 251, 226, 251, 65, 11, 4, 182, 192, 64, 164, 54, 189, 73, 217, 4, 66, 107, 91, 81, 192, 36, 39, 91, 61, 207, 156, 5, 66, 226, 7, 10, 191, 36, 39, 91, 61, 174, 71, 5, 66, 18, 176, 12, 64, 36, 39, 91, 61, 143, 133, 253, 65, 74, 204, 149, 64, 64, 164, 54, 189, 62, 200, 234, 65, 107, 248, 214, 64, 249, 170, 58, 190, 220, 66, 183, 65, 210, 3, 216, 64, 228, 197, 36, 191, 56, 111, 242, 65, 82, 137, 74, 65, 230, 28, 91, 61, 11, 219, 230, 65, 183, 175, 111, 65, 235, 191, 68, 61, 189, 169, 205, 65, 94, 7, 127, 65, 48, 194, 208, 189, 254, 235, 176, 65, 79, 7, 127, 65, 176, 17, 156, 190, 151, 119, 153, 65, 66, 7, 127, 65, 243, 207, 232, 190, 127, 153, 133, 65, 56, 7, 127, 65, 231, 46, 17, 191, 204, 241, 114, 65, 237, 92, 137, 65, 5, 199, 11, 191, 29, 61, 130, 65, 98, 203, 199, 65, 245, 69, 207, 60, 38, 35, 93, 65, 149, 97, 209, 65, 66, 234, 72, 61, 96, 166, 50, 65, 197, 140, 214, 65, 66, 234, 72, 61, 119, 87, 7, 65, 166, 145, 217, 65, 66, 234, 72, 61, 15, 200, 183, 64, 164, 0, 208, 65, 128, 209, 74, 189, 176, 157, 63, 64, 105, 126, 217, 65, 5, 230, 89, 61, 25, 185, 148, 62, 112, 254, 213, 65, 230, 36, 91, 61, 199, 201, 22, 192, 153, 88, 208, 65, 117, 75, 92, 61, 86, 104, 157, 192, 53, 155, 200, 65, 87, 86, 93, 61, 27, 110, 214, 192, 80, 77, 181, 65, 128, 209, 74, 189, 244, 113, 14, 193, 164, 50, 170, 65, 128, 209, 74, 189, 193, 242, 37, 193, 134, 253, 151, 65, 69, 204, 239, 189, 224, 95, 48, 193, 109, 69, 129, 65, 147, 107, 116, 190, 56, 185, 56, 193, 100, 122, 89, 65, 182, 162, 171, 190, 38, 37, 68, 193, 103, 176, 54, 65, 176, 25, 197, 190, 226, 118, 38, 193, 80, 155, 1, 65, 80, 91, 33, 191, 91, 207, 104, 193, 235, 34, 246, 64, 130, 33, 181, 190, 169, 76, 153, 193, 130, 56, 212, 64, 64, 164, 54, 189, 230, 151, 157, 193, 52, 129, 130, 64, 105, 164, 54, 189, 215, 41, 170, 193, 224, 89, 199, 63, 36, 39, 91, 61, 155, 2, 154, 193, 116, 26, 201, 192, 64, 164, 54, 189, 58, 248, 147, 193, 43, 132, 12, 193, 64, 164, 54, 189, 30, 217, 241, 192, 112, 250, 206, 192, 253, 216, 96, 191, 52, 190, 22, 193, 229, 174, 21, 193, 126, 101, 38, 191, 255, 251, 21, 193, 167, 70, 57, 193, 139, 250, 14, 191, 78, 154, 96, 193, 102, 245, 147, 193, 66, 234, 72, 61, 88, 104, 65, 193, 251, 71, 163, 193, 66, 234, 72, 61, 66, 81, 27, 193, 78, 54, 174, 193, 0, 237, 137, 60, 0, 123, 224, 192, 41, 238, 179, 193, 56, 164, 72, 189, 23, 105, 168, 192, 55, 97, 199, 193, 210, 78, 93, 61, 24, 218, 99, 193, 207, 69, 39, 194, 171, 224, 42, 191, 54, 6, 22, 193, 231, 51, 40, 194, 82, 117, 55, 191, 27, 55, 27, 193, 43, 63, 117, 194, 189, 69, 54, 190, 53, 87, 91, 64, 16, 139, 137, 193, 78, 196, 193, 191, 196, 231, 25, 64, 162, 83, 142, 194, 36, 39, 91, 61, 181, 54, 0, 65, 90, 83, 32, 194, 44, 40, 90, 191, 121, 185, 11, 65, 112, 239, 142, 193, 30, 63, 191, 191, 7, 26, 115, 65, 203, 180, 15, 194, 217, 235, 112, 191, 51, 3, 115, 65, 34, 174, 200, 193, 31, 25, 159, 191, 160, 127, 130, 65, 6, 46, 170, 193, 175, 144, 170, 191, 203, 241, 114, 65, 116, 147, 110, 193, 138, 103, 193, 191, 45, 70, 130, 65, 169, 130, 87, 193, 142, 134, 195, 191, 155, 208, 144, 65, 94, 7, 79, 193, 178, 171, 192, 191, 159, 142, 142, 65, 111, 106, 37, 193, 167, 46, 200, 191, 55, 55, 193, 65, 60, 7, 79, 193, 216, 166, 175, 191, 148, 161, 193, 65, 202, 122, 38, 193, 165, 151, 180, 191, 139, 140, 32, 66, 6, 191, 115, 193, 229, 233, 110, 191, 62, 4, 171, 65, 23, 159, 162, 192, 89, 98, 198, 191, 179, 111, 141, 66, 181, 94, 103, 193, 130, 34, 187, 189, 16, 137, 146, 66, 192, 132, 1, 193, 135, 209, 74, 189, 26, 143, 154, 66, 244, 182, 179, 191, 36, 39, 91, 61, 10, 11, 61, 66, 50, 155, 84, 64, 212, 12, 81, 191, 102, 23, 124, 66, 224, 107, 38, 65, 5, 53, 171, 190, 99, 1, 124, 66, 89, 94, 131, 65, 224, 253, 150, 190, 75, 224, 123, 66, 87, 84, 182, 65, 29, 46, 113, 190, 183, 96, 115, 66, 242, 197, 228, 65, 96, 110, 98, 190, 3, 137, 242, 65, 74, 7, 127, 65, 30, 99, 150, 191, 190, 169, 205, 65, 94, 7, 127, 65, 252, 67, 164, 191, 0, 236, 176, 65, 79, 7, 127, 65, 48, 61, 174, 191, 156, 119, 153, 65, 66, 7, 127, 65, 116, 155, 181, 191, 128, 153, 133, 65, 56, 7, 127, 65, 24, 34, 187, 191, 204, 241, 114, 65, 231, 92, 137, 65, 139, 24, 186, 191, 29, 61, 130, 65, 84, 203, 199, 65, 242, 3, 158, 191, 163, 127, 130, 65, 217, 62, 10, 66, 238, 130, 120, 191, 51, 183, 131, 65, 230, 91, 90, 66, 181, 52, 206, 190, 38, 200, 14, 65, 121, 197, 1, 66, 167, 59, 137, 191, 143, 129, 182, 64, 179, 39, 235, 65, 255, 13, 149, 191, 129, 163, 244, 191, 77, 177, 141, 66, 25, 72, 95, 61, 203, 183, 1, 193, 43, 134, 131, 66, 110, 48, 128, 189, 184, 116, 69, 193, 79, 239, 99, 66, 27, 43, 142, 190, 69, 58, 177, 192, 115, 239, 211, 65, 178, 218, 150, 191, 69, 228, 62, 193, 248, 171, 255, 65, 234, 244, 115, 191, 5, 188, 74, 193, 132, 23, 213, 65, 230, 75, 137, 191, 246, 116, 42, 193, 67, 153, 154, 65, 46, 107, 163, 191, 7, 194, 120, 193, 6, 135, 163, 65, 171, 205, 147, 191, 116, 23, 121, 193, 125, 154, 133, 65, 94, 208, 156, 191, 196, 106, 103, 193, 0, 176, 76, 65, 228, 131, 168, 191, 226, 118, 38, 193, 81, 155, 1, 65, 137, 63, 190, 191, 25, 57, 127, 193, 237, 111, 3, 65, 175, 22, 171, 191, 148, 164, 193, 193, 215, 171, 254, 64, 15, 12, 142, 191, 88, 127, 48, 194, 88, 78, 254, 64, 137, 191, 10, 191, 121, 127, 6, 194, 239, 191, 16, 64, 126, 32, 93, 191, 254, 253, 234, 193, 164, 200, 12, 193, 134, 62, 117, 191, 56, 142, 218, 193, 89, 7, 63, 193, 11, 34, 125, 191, 30, 217, 241, 192, 114, 250, 206, 192, 225, 111, 202, 191, 162, 38, 147, 193, 138, 127, 108, 193, 23, 43, 152, 191, 185, 214, 155, 193, 34, 87, 153, 193, 141, 168, 139, 191, 182, 214, 155, 193, 244, 11, 188, 193, 54, 79, 129, 191, 57, 25, 156, 193, 59, 31, 230, 193, 207, 119, 102, 191, 129, 18, 147, 193, 64, 19, 7, 194, 44, 162, 78, 191, 166, 236, 145, 193, 208, 69, 39, 194, 199, 224, 28, 191, 192, 229, 78, 193, 207, 69, 39, 194, 148, 5, 47, 191, 87, 238, 160, 193, 196, 182, 87, 194, 248, 60, 68, 192, 133, 186, 173, 193, 82, 97, 151, 194, 133, 87, 91, 192, 53, 87, 91, 64, 27, 139, 137, 193, 226, 178, 20, 192, 63, 69, 0, 65, 53, 157, 32, 194, 221, 45, 46, 192, 123, 185, 11, 65, 116, 239, 142, 193, 194, 115, 21, 192, 7, 26, 115, 65, 203, 180, 15, 194, 89, 174, 42, 192, 195, 241, 114, 65, 53, 150, 200, 193, 249, 19, 31, 192, 160, 127, 130, 65, 0, 46, 170, 193, 228, 166, 27, 192, 203, 241, 114, 65, 108, 147, 110, 193, 75, 205, 20, 192, 47, 70, 130, 65, 169, 130, 87, 193, 75, 42, 20, 192, 156, 208, 144, 65, 94, 7, 79, 193, 73, 5, 21, 192, 160, 142, 142, 65, 111, 106, 37, 193, 114, 196, 18, 192, 59, 55, 193, 65, 60, 7, 79, 193, 97, 31, 26, 192, 149, 161, 193, 65, 201, 122, 38, 193, 0, 164, 24, 192, 44, 119, 110, 66, 166, 131, 191, 193, 176, 204, 66, 192, 107, 237, 183, 66, 182, 176, 153, 193, 166, 151, 99, 192, 160, 78, 193, 66, 199, 253, 208, 65, 84, 149, 106, 192, 83, 247, 139, 66, 254, 203, 204, 65, 176, 47, 78, 192, 183, 96, 115, 66, 239, 197, 228, 65, 73, 77, 70, 192, 7, 137, 242, 65, 74, 7, 127, 65, 162, 178, 33, 192, 196, 169, 205, 65, 94, 7, 127, 65, 132, 137, 29, 192, 4, 236, 176, 65, 79, 7, 127, 65, 32, 140, 26, 192, 157, 119, 153, 65, 66, 7, 127, 65, 179, 86, 24, 192, 130, 153, 133, 65, 56, 7, 127, 65, 174, 174, 22, 192, 204, 241, 114, 65, 231, 92, 137, 65, 131, 254, 22, 192, 29, 61, 130, 65, 83, 203, 199, 65, 148, 106, 31, 192, 163, 127, 130, 65, 209, 62, 10, 66, 219, 138, 41, 192, 152, 19, 152, 65, 99, 219, 135, 66, 243, 132, 78, 192, 52, 255, 42, 65, 193, 91, 81, 66, 156, 247, 59, 192, 129, 18, 183, 193, 161, 78, 179, 66, 184, 132, 106, 192, 142, 132, 57, 193, 130, 91, 33, 66, 228, 117, 50, 192, 25, 125, 79, 193, 35, 54, 7, 66, 64, 154, 44, 192, 25, 125, 79, 193, 112, 121, 216, 65, 206, 56, 38, 192, 7, 82, 120, 193, 231, 164, 199, 65, 166, 31, 38, 192, 112, 80, 164, 193, 184, 83, 201, 65, 155, 44, 42, 192, 180, 218, 125, 193, 122, 113, 135, 65, 69, 54, 32, 192, 125, 217, 118, 193, 1, 80, 86, 65, 45, 141, 29, 192, 226, 118, 38, 193, 84, 155, 1, 65, 190, 194, 21, 192, 25, 57, 127, 193, 238, 111, 3, 65, 136, 130, 27, 192, 28, 20, 133, 194, 228, 193, 152, 65, 153, 35, 85, 192, 87, 127, 48, 194, 92, 78, 254, 64, 61, 8, 58, 192, 7, 231, 118, 194, 103, 174, 134, 193, 93, 77, 79, 192, 50, 142, 218, 193, 89, 7, 63, 193, 160, 222, 40, 192, 115, 225, 242, 192, 29, 120, 207, 192, 172, 36, 18, 192, 162, 38, 147, 193, 146, 127, 108, 193, 176, 47, 33, 192, 185, 214, 155, 193, 39, 87, 153, 193, 106, 240, 36, 192, 182, 214, 155, 193, 249, 11, 188, 193, 18, 11, 40, 192, 57, 25, 156, 193, 66, 31, 230, 193, 221, 67, 44, 192, 129, 18, 147, 193, 68, 19, 7, 194, 205, 214, 47, 192, 19, 254, 175, 193, 33, 40, 65, 194, 112, 169, 63, 192, 200, 38, 156, 193, 79, 85, 97, 194, 235, 98, 70, 192, 254, 209, 160, 193, 147, 153, 87, 194, 180, 125, 187, 192, 53, 87, 91, 64, 43, 139, 137, 193, 64, 153, 72, 192, 204, 83, 0, 65, 114, 231, 32, 194, 29, 57, 147, 192, 128, 185, 11, 65, 115, 239, 142, 193, 102, 94, 75, 192, 96, 32, 108, 65, 7, 219, 8, 194, 37, 8, 137, 192, 94, 3, 106, 65, 139, 84, 188, 193, 165, 6, 104, 192, 29, 245, 105, 65, 176, 40, 142, 193, 181, 47, 82, 192, 203, 241, 114, 65, 105, 147, 110, 193, 133, 252, 72, 192, 190, 172, 123, 65, 103, 213, 75, 193, 240, 227, 66, 192, 157, 208, 144, 65, 94, 7, 79, 193, 174, 202, 73, 192, 162, 142, 142, 65, 110, 106, 37, 193, 5, 133, 65, 192, 203, 105, 190, 65, 169, 5, 75, 193, 229, 194, 90, 192, 151, 161, 193, 65, 199, 122, 38, 193, 43, 22, 87, 192, 48, 108, 203, 66, 135, 32, 171, 193, 114, 209, 4, 193, 183, 96, 115, 66, 236, 197, 228, 65, 50, 96, 191, 192, 167, 165, 246, 65, 250, 54, 130, 65, 87, 221, 122, 192, 78, 231, 205, 65, 43, 107, 127, 65, 23, 57, 105, 192, 93, 57, 175, 65, 233, 168, 123, 65, 229, 219, 92, 192, 228, 120, 151, 65, 180, 47, 122, 65, 160, 93, 84, 192, 132, 153, 133, 65, 56, 7, 127, 65, 30, 228, 79, 192, 187, 103, 106, 65, 125, 86, 129, 65, 238, 95, 76, 192, 58, 38, 132, 65, 53, 117, 204, 65, 28, 138, 114, 192, 93, 105, 130, 65, 73, 25, 10, 66, 203, 124, 138, 192, 86, 170, 159, 65, 203, 204, 145, 66, 130, 210, 216, 192, 4, 124, 43, 65, 176, 187, 82, 66, 190, 23, 173, 192, 129, 18, 183, 193, 173, 78, 179, 66, 123, 233, 0, 193, 124, 132, 57, 193, 127, 91, 33, 66, 239, 236, 154, 192, 234, 160, 80, 193, 212, 183, 7, 66, 70, 120, 144, 192, 25, 125, 79, 193, 110, 121, 216, 65, 138, 117, 132, 192, 5, 82, 120, 193, 231, 164, 199, 65, 27, 71, 132, 192, 112, 80, 164, 193, 187, 83, 201, 65, 30, 182, 139, 192, 123, 158, 209, 193, 39, 84, 199, 65, 128, 54, 148, 192, 153, 251, 232, 193, 71, 124, 175, 65, 79, 164, 149, 192, 226, 118, 38, 193, 86, 155, 1, 65, 126, 124, 76, 192, 24, 57, 127, 193, 239, 111, 3, 65, 228, 150, 97, 192, 28, 20, 133, 194, 230, 193, 152, 65, 211, 143, 218, 192, 87, 127, 48, 194, 92, 78, 254, 64, 216, 207, 168, 192, 115, 126, 135, 194, 162, 165, 146, 193, 201, 146, 220, 192, 0, 0, 131, 194, 4, 206, 204, 193, 198, 121, 220, 192, 89, 25, 156, 193, 135, 106, 66, 193, 48, 90, 117, 192, 235, 128, 146, 193, 34, 183, 107, 193, 5, 10, 118, 192, 28, 23, 156, 193, 130, 135, 153, 193, 187, 46, 130, 192, 38, 170, 157, 193, 103, 186, 189, 193, 176, 111, 136, 192, 27, 23, 156, 193, 225, 28, 230, 193, 244, 139, 143, 192, 244, 170, 146, 193, 182, 203, 6, 194, 31, 239, 149, 192, 194, 156, 172, 193, 60, 63, 62, 194, 249, 109, 177, 192, 114, 80, 156, 193, 61, 131, 97, 194, 201, 153, 191, 192, 64, 95, 169, 193, 185, 105, 96, 194, 144, 14, 15, 193, 53, 87, 91, 64, 56, 139, 137, 193, 48, 207, 124, 192, 139, 98, 0, 65, 103, 50, 33, 194, 167, 239, 207, 192, 133, 185, 11, 65, 114, 239, 142, 193, 213, 205, 128, 192, 164, 202, 137, 65, 25, 155, 47, 194, 140, 135, 225, 192, 199, 196, 114, 65, 102, 88, 200, 193, 110, 76, 159, 192, 126, 125, 130, 65, 142, 41, 170, 193, 32, 131, 148, 192, 94, 114, 105, 65, 207, 18, 95, 193, 123, 105, 117, 192, 253, 92, 128, 65, 48, 123, 82, 193, 201, 161, 118, 192, 64, 204, 148, 65, 126, 148, 87, 193, 146, 8, 130, 192, 162, 142, 142, 65, 109, 106, 37, 193, 59, 141, 112, 192, 193, 113, 61, 66, 201, 56, 236, 193, 175, 251, 244, 192, 152, 161, 193, 65, 198, 122, 38, 193, 3, 244, 138, 192, 183, 96, 115, 66, 229, 197, 228, 65, 136, 19, 14, 193, 53, 201, 223, 65, 52, 53, 142, 65, 37, 225, 164, 192, 205, 238, 187, 65, 17, 112, 138, 65, 43, 230, 151, 192, 74, 39, 160, 65, 188, 160, 135, 65, 22, 168, 142, 192, 174, 169, 137, 65, 37, 152, 133, 65, 187, 247, 135, 192, 10, 48, 114, 65, 198, 166, 136, 65, 141, 90, 133, 192, 164, 84, 140, 65, 156, 109, 224, 65, 165, 78, 172, 192, 183, 128, 126, 65, 47, 199, 4, 66, 91, 158, 187, 192, 110, 132, 57, 193, 125, 91, 33, 66, 157, 3, 221, 192, 142, 89, 184, 193, 16, 218, 78, 66, 41, 176, 9, 193, 148, 72, 94, 193, 36, 0, 227, 65, 148, 208, 187, 192, 128, 89, 119, 193, 36, 21, 199, 65, 117, 117, 181, 192, 112, 80, 164, 193, 189, 83, 201, 65, 166, 169, 194, 192, 242, 219, 209, 193, 167, 131, 199, 65, 108, 133, 209, 192, 117, 80, 244, 193, 132, 141, 182, 65, 78, 202, 217, 192, 226, 118, 38, 193, 90, 155, 1, 65, 16, 197, 129, 192, 24, 57, 127, 193, 239, 111, 3, 65, 84, 11, 148, 192, 88, 127, 48, 194, 88, 78, 254, 64, 190, 15, 245, 192, 249, 62, 196, 193, 3, 150, 104, 193, 224, 228, 184, 192, 39, 148, 142, 193, 238, 247, 102, 193, 126, 183, 163, 192, 28, 23, 156, 193, 134, 135, 153, 193, 190, 40, 178, 192, 47, 187, 154, 193, 243, 6, 187, 193, 85, 56, 187, 192, 246, 179, 167, 193, 117, 46, 243, 193, 60, 17, 209, 192, 243, 17, 202, 193, 20, 155, 87, 194, 187, 3, 15, 193, 118, 229, 154, 193, 101, 243, 95, 194, 98, 129, 13, 193, 53, 87, 91, 64, 59, 139, 137, 193, 4, 200, 152, 192, 134, 185, 11, 65, 118, 239, 142, 193, 160, 52, 156, 192, 83, 11, 144, 65, 23, 227, 59, 194, 107, 37, 27, 193, 240, 22, 143, 65, 98, 245, 1, 194, 202, 227, 239, 192, 210, 210, 126, 65, 49, 200, 163, 193, 134, 215, 179, 192, 93, 199, 113, 65, 62, 172, 108, 193, 82, 142, 152, 192, 56, 130, 136, 65, 23, 235, 103, 193, 57, 231, 156, 192, 116, 136, 159, 65, 220, 160, 110, 193, 57, 240, 167, 192, 164, 142, 142, 65, 107, 106, 37, 193, 75, 9, 144, 192, 30, 85, 79, 66, 112, 229, 2, 194, 164, 237, 46, 193, 153, 161, 193, 65, 196, 122, 38, 193, 129, 176, 170, 192, 183, 96, 115, 66, 226, 197, 228, 65, 102, 242, 60, 193, 55, 233, 246, 65, 246, 244, 160, 65, 34, 140, 226, 192, 211, 166, 203, 65, 39, 8, 154, 65, 219, 48, 203, 192, 231, 70, 171, 65, 80, 32, 149, 65, 25, 14, 187, 192, 9, 61, 150, 65, 176, 105, 152, 65, 141, 196, 180, 192, 107, 5, 126, 65, 162, 197, 147, 65, 188, 173, 170, 192, 83, 60, 147, 65, 105, 72, 241, 65, 61, 211, 229, 192, 97, 132, 57, 193, 123, 91, 33, 66, 13, 229, 15, 193, 53, 10, 211, 193, 201, 146, 102, 66, 9, 237, 71, 193, 188, 237, 163, 193, 96, 168, 245, 65, 23, 44, 7, 193, 112, 80, 164, 193, 192, 83, 201, 65, 101, 47, 250, 192, 196, 155, 206, 193, 183, 0, 197, 65, 137, 100, 6, 193, 248, 2, 244, 193, 46, 93, 182, 65, 29, 123, 13, 193, 226, 118, 38, 193, 94, 155, 1, 65, 32, 149, 157, 192, 20, 57, 127, 193, 242, 111, 3, 65, 0, 169, 183, 192, 87, 127, 48, 194, 96, 78, 254, 64, 64, 13, 33, 193, 209, 161, 161, 193, 87, 3, 126, 193, 199, 33, 220, 192, 53, 87, 91, 64, 82, 139, 137, 193, 224, 140, 179, 192, 128, 125, 130, 65, 197, 1, 134, 193, 106, 111, 194, 192, 9, 247, 145, 65, 33, 103, 128, 193, 39, 213, 197, 192, 105, 15, 173, 65, 233, 213, 133, 193, 167, 179, 215, 192, 166, 142, 142, 65, 106, 106, 37, 193, 96, 38, 168, 192, 156, 161, 193, 65, 193, 122, 38, 193, 193, 229, 202, 192, 117, 21, 185, 65, 126, 225, 165, 65, 2, 42, 242, 192, 176, 205, 169, 65, 203, 176, 181, 65, 160, 30, 245, 192, 79, 132, 57, 193, 121, 91, 33, 66, 85, 199, 49, 193, 123, 179, 163, 193, 254, 100, 245, 65, 111, 67, 38, 193, 96, 47, 176, 193, 48, 144, 212, 65, 59, 4, 32, 193, 123, 92, 246, 193, 252, 182, 227, 65, 231, 34, 58, 193, 77, 118, 9, 194, 202, 164, 201, 65, 80, 173, 61, 193, 226, 118, 38, 193, 94, 155, 1, 65, 4, 207, 185, 192, 20, 57, 127, 193, 242, 111, 3, 65, 46, 206, 219, 192, 53, 87, 91, 64, 91, 139, 137, 193, 203, 214, 206, 192, 68, 32, 133, 65, 22, 79, 138, 193, 96, 106, 230, 192, 166, 142, 142, 65, 106, 106, 37, 193, 91, 187, 192, 192, 155, 161, 193, 65, 194, 122, 38, 193, 34, 187, 235, 192, 71, 132, 57, 193, 119, 91, 33, 66, 21, 82, 84, 193, 24, 235, 161, 193, 244, 84, 243, 65, 117, 173, 68, 193, 226, 118, 38, 193, 95, 155, 1, 65, 60, 149, 214, 192, 19, 57, 127, 193, 242, 111, 3, 65, 139, 83, 0, 193, 53, 87, 91, 64, 105, 139, 137, 193, 5, 201, 234, 192, 167, 142, 142, 65, 105, 106, 37, 193, 228, 231, 217, 192, 156, 161, 193, 65, 193, 122, 38, 193, 125, 173, 6, 193, 226, 118, 38, 193, 96, 155, 1, 65, 227, 12, 244, 192, 16, 57, 127, 193, 244, 111, 3, 65, 153, 49, 19, 193, 53, 87, 91, 64, 130, 139, 137, 193, 4, 197, 3, 193, 169, 142, 142, 65, 102, 106, 37, 193, 162, 206, 243, 192, 158, 161, 193, 65, 190, 122, 38, 193, 194, 249, 23, 193, 226, 118, 38, 193, 100, 155, 1, 65, 65, 47, 9, 193, 15, 57, 127, 193, 245, 111, 3, 65, 51, 155, 38, 193, 53, 87, 91, 64, 122, 139, 137, 193, 12, 162, 18, 193, 169, 142, 142, 65, 102, 106, 37, 193, 239, 74, 7, 193, 226, 118, 38, 193, 102, 155, 1, 65, 117, 219, 24, 193, 53, 87, 91, 64, 152, 139, 137, 193, 167, 19, 34, 193, 172, 142, 142, 65, 100, 106, 37, 193, 70, 52, 21, 193, 226, 118, 38, 193, 103, 155, 1, 65, 47, 36, 41, 193]
is_dense: True
---
